ISS (ZARYA)
1 25544U 98067A   22053.88147859  .00006978  00000-0  13056-3 0  9990
2 25544  51.6413 182.6542 0005405 155.4563 353.8725 15.49902234327456
IRIDIUM 82
1 25467U 98051A   22053.45556270  .00003962  00000-0  28251-3 0  9994
2 25467  86.4007 318.3642 0175728  41.7606 319.6879 14.92514849241751
COSMOS 1291
1 12640U 81074E   22053.86547007 -.00000009  00000-0  41870-4 0  9996
2 12640  74.0302 236.1865 0003962 112.7414 350.7646 12.50851168851790
GLOBALSTAR M071
1 31576U 07020F   22053.38791218 -.00000090  00000-0  77711-4 0  9999
2 31576  52.0054 272.7638 0001386  22.9058 149.0492 12.62269851342829
GLOBAL-1
1 43730U 18096M   22053.45149721  .00005535  00000-0  19170-3 0  9995
2 43730  97.3651 134.2222 0019659 109.4908 250.8459 15.30077364180342
COSMOS 414
1 05213U 71041D   22053.60430410  .00000000  00000-0  10704-3 0  9999
2 05213  74.0143 204.7681 0043138 290.6037 142.5506 12.51111749320095
COSMOS 620
1 06988U 73104D   22053.38845510 -.00000010  00000-0  38762-4 0  9994
2 06988  74.0313  20.5424 0021513 128.8185 345.4184 12.47277626193672
TANSAT
1 41898U 16081A   22053.79084173  .00000336  00000-0  85087-4 0  9991
2 41898  98.3583   5.3600 0022103 131.8955 228.4141 14.57013449275006
COSMOS 785
1  8473U 75116A   22053.83154847 -.00000087  00000-0  16477-6 0  9991
2  8473  65.0768  91.5144 0067254 129.7242 230.9772 13.82195668331591
DTUSAT
1 27842U 03031C   22053.54956842  .00000102  00000-0  65508-4 0  9996
2 27842  98.6869  61.7030 0010251  53.2820 306.9298 14.22380960967708
FLOCK 2K 47
1 42854U 17042AF  22053.53998663  .00109605  00000-0  11061-2 0  9990
2 42854  96.8198 260.4530 0004002 232.3067 127.7832 15.64999237259242
COSMOS 506
1  6119U 72057C   22053.86613365 -.00000013  00000-0  24154-4 0  9993
2  6119  74.0312 350.4748 0073621 282.7068 132.0378 12.56167876274386
LQSAT
1 40958U 15057A   22053.76221654  .00000207  00000-0  39376-4 0  9990
2 40958  97.7681 105.0171 0017570 335.1102  24.9245 14.73259916343098
COSMOS 1805
1 17191U 86097A   22053.51455438  .00002466  00000-0  13586-3 0  9990
2 17191  82.4757 142.0254 0003249 307.3457  52.7478 15.13590604922032
OPS 7613 (P/L 1)
1 04256U 69082B   22053.53536718  .00000043  00000-0  67175-4 0  9999
2 04256  70.0093 107.5615 0021109 320.0447  39.9105 13.98428904670127
METEOR 1-21
1  7714U 75023A   22053.81617978 -.00000031  00000-0 -25824-4 0  9996
2  7714  81.2145 325.0042 0028921 113.2171 247.2049 14.08067845726057
VESSELSAT 1
1 37840U 11058C   22053.76430343  .00000333  00000-0  37177-4 0  9997
2 37840  19.9621 215.1293 0013646 197.3962 162.5970 14.10933248535370
COSMOS 2455
1 36095U 09063A   22053.56731718 -.00000048  00000-0  19713-4 0  9999
2 36095  67.1477 123.8880 0008655 259.5526 100.4583 13.96781189625259
COSMOS 593
1  6850U 73069F   22053.77311229 -.00000007  00000-0  49480-4 0  9995
2  6850  74.0019 153.4750 0077190 118.3107 359.1925 12.59679687225454
COSMOS 2010
1 19904U 89025C   22053.58007633 -.00000011  00000-0  33843-4 0  9999
2 19904  74.0096 119.9062 0031407 284.7561 183.9334 12.54035692420438
KIKU 1 (ETS 1)
1 08197U 75082A   22053.54340161 -.00000125  00000-0  30165-5 0  9992
2 08197  46.9884  85.2306 0085237  55.1390  78.2522 13.59524950308020
LEMUR 2 SPIRE-MINIONS
1 41992U 17008AW  22053.40935461  .00010966  00000-0  36522-3 0  9998
2 41992  97.2839 120.8154 0004835 279.1268  80.9426 15.31279754278786
YAOGAN 11
1 37165U 10047A   22053.39003647  .00000466  00000-0  74290-4 0  9990
2 37165  98.3336 187.7278 0037736 238.4468 121.3054 14.76481703615152
COSMOS 511
1 06124U 72057H   22053.60849069 -.00000007  00000-0  66630-4 0  9991
2 06124  74.0278 136.0989 0031899 339.9121 131.8031 12.36851260239305
FLOCK 3P 72
1 42051U 17008DH  22053.42178746  .00019136  00000-0  55578-3 0  9992
2 42051  97.2977 125.6548 0005022 265.5782  94.4888 15.35516594277157
COSMOS 1040
1 11049U 78091G   22053.59017458 -.00000016  00000-0 -24435-5 0  9993
2 11049  74.0324 267.0529 0030904 241.5629 184.1945 12.40849070965381
COSMOS 1861
1 18129U 87054A   22053.73154581  .00000030  00000-0  16485-4 0  9992
2 18129  82.9241  48.9861 0012213  19.7061 153.5184 13.73055168737337
ZHUHAI-1 OHS-01
1 43439U 18040A   22053.79110802  .00003919  00000-0  18270-3 0  9999
2 43439  97.2595 116.9656 0014383  74.1100  64.0430 15.20355034212277
IRIDIUM 145
1 43253U 18030E   22053.74961839  .00000038  00000-0  65400-5 0  9999
2 43253  86.3963 228.7543 0002203  64.0217 296.1206 14.34217027204319
ONEWEB-0042
1 45441U 20020T   22053.79848732 -.00000502  00000-0 -14523-2 0  9998
2 45441  87.8933 334.3075 0001471  74.6757 285.4533 13.11417795 96196
COSMOS 528
1 06262U 72087A   22053.55704994 -.00000017  00000-0 -63839-5 0  9999
2 06262  74.0343 119.8291 0064775 150.4364 315.3286 12.61574331271070
IRIDIUM 126
1 42809U 17039G   22053.56617803  .00000133  00000-0  40456-4 0  9991
2 42809  86.3950 292.0720 0002074  90.2503 269.8930 14.34221790244112
FLOCK 2K 40
1 42865U 17042AS  22053.82469175  .00029393  00000-0  46532-3 0  9992
2 42865  96.8292 259.0845 0005733 217.2632 142.8225 15.53368374259158
CBERS 2B
1 32062U 07042A   22053.68011253  .00000101  00000-0  44923-4 0  9992
2 32062  98.1814  25.6335 0032786  45.6418 314.7473 14.39829269757915
RIGIDSPHERE 2 (LCS 4)
1  5398U 71067E   22053.77840636  .00000356  00000-0  11786-3 0  9999
2  5398  87.6184  54.6137 0064939  45.1813 315.4636 14.34116189648059
COSMOS 1853
1 18114U 87051B   22053.56386505 -.00000006  00000-0  64762-4 0  9992
2 18114  74.0072 334.1208 0006001   9.1825 163.9435 12.46984347579099
COSMOS 402
1 05105U 71025A   22053.44288684 -.00000076  00000-0  10819-4 0  9999
2 05105  64.9817 295.5076 0030513  44.3079 128.0637 13.73065427551670
PEASSS
1 42015U 17008BV  22053.37179348  .00006614  00000-0  23804-3 0  9999
2 42015  97.2793 118.8934 0004501 315.2283  44.8594 15.28915700279177
COSMOS 1131
1 11539U 79084B   22053.58353618 -.00000020  00000-0 -27579-4 0  9996
2 11539  74.0226  91.5373 0045077  55.2100  58.1075 12.54355516942026
NADEZHDA 4
1 23179U 94041A   22053.74293657  .00000033  00000-0  18365-4 0  9998
2 23179  82.9457 116.8219 0035486 175.2488 304.8501 13.76583944387164
XIWANG-1 (HOPE-1)
1 36122U 09072B   22053.50594377 -.00000011  00000-0  83522-4 0  9991
2 36122 100.1686  29.1595 0006871 244.1121 115.9285 13.16365963585682
COSMOS 1235
1 12114U 80102H   22053.57929502 -.00000007  00000-0  57533-4 0  9996
2 12114  73.9977 350.1364 0032731 327.6599 205.9345 12.56195769887734
INS-1A
1 41949U 17008B   22053.44927721  .00007822  00000-0  28455-3 0  9997
2 41949  97.2750 115.8836 0006885 286.2634  73.7849 15.28491060279214
COSMOS 991
1 10692U 78022A   22053.53042119  .00000047  00000-0  32255-4 0  9996
2 10692  82.9914 329.2901 0037152  21.3767 151.6331 13.76349213208619
COMPASS 2
1 42777U 17036N   22053.67742881  .00011215  00000-0  40580-3 0  9999
2 42777  97.2230 101.6655 0010746   9.5133 350.6309 15.28525446259593
DUMMY MASS 2
1 24926U 97048B   22053.27247931  .00000191  00000-0  18990-4 0  9990
2 24926  86.3389 335.7966 0009886 115.2416 244.9834 14.85085639325117
FLOCK 3P 50
1 42029U 17008CK  22053.45099020  .00009318  00000-0  32150-3 0  9999
2 42029  97.2942 122.1284 0005224 297.3571  62.7138 15.30177119278659
IRIDIUM 167
1 43931U 19002K   22053.71206922  .00000130  00000-0  39236-4 0  9994
2 43931  86.3949 291.9790 0001459  85.4953 274.6409 14.34220428163148
COSMOS 1527
1 14616U 84001F   22053.60927285 -.00000006  00000-0  62481-4 0  9994
2 14616  74.0069 208.8122 0001813 340.3022  92.9857 12.51068865330329
COSMOS 858
1 09443U 76098A   22053.59513008  .00000080  00000-0  37717-4 0  9990
2 09443  74.0508 161.8402 0014923 306.7098  53.2682 14.34216308372808
CORVUS BC1
1 42847U 17042Y   22053.54203555  .00000661  00000-0  69219-4 0  9994
2 42847  97.4395 277.5453 0009923  29.3488 330.8288 14.92665600251148
MAX VALIER SAT
1 42778U 17036P   22053.56654954  .00004615  00000-0  18716-3 0  9993
2 42778  97.2235  98.6759 0011729  21.7357 338.4377 15.25046197259389
IRIDIUM 164
1 43577U 18061J   22053.37640373  .00000365  00000-0  12327-3 0  9999
2 43577  86.4017 355.2830 0001884  81.4157 278.7252 14.34214360187554
COSMOS 1598
1 15292U 84100A   22053.62052355  .00000020  00000-0  52733-5 0  9999
2 15292  82.9422 255.4334 0033752  90.3685 327.0293 13.73002965875793
DEMETER
1 28368U 04025C   22053.82553841  .00000573  00000-0  92689-4 0  9999
2 28368  97.9178  16.6288 0002123 107.1366 253.0076 14.74919093947845
COSMOS 807
1 08744U 76022A   22053.59611866  .00006060  00000-0  30772-3 0  9998
2 08744  82.9285 206.8787 0562344 195.9823 261.4777 14.35587432321617
FLOCK 3P 57
1 41978U 17008AG  22053.46501606  .00006915  00000-0  23949-3 0  9996
2 41978  97.2918 121.7944 0005583 272.3256  87.7346 15.30150083279327
BRO-1
1 44495U 19054A   22053.89954980  .00001686  00000-0  11864-3 0  9993
2 44495  45.0172 266.3985 0010933  13.6797   2.2834 15.09530325138739
COSMOS 532
1 06267U 72087E   22053.62614744 -.00000018  00000-0 -98390-5 0  9996
2 06267  74.0336 108.2231 0107122  86.2449  27.5628 12.69694851285319
FLOCK 3P 82
1 42046U 17008DC  22053.50293489  .00027917  00000-0  80162-3 0  9990
2 42046  97.2993 126.5544 0005394 260.2590  99.8045 15.35796610278970
COSMOS 514
1 06148U 72062A   22053.49030432  .00000043  00000-0  26095-4 0  9996
2 06148  82.9676  32.9492 0008617 280.8054 194.4108 13.81823132495914
ZHOU ENLAI
1 43156U 18008B   22053.78941466  .00004338  00000-0  24629-3 0  9997
2 43156  97.3740 115.7754 0013912 176.8182 251.0090 15.13359506225857
COSMOS 1741
1 16681U 86030A   22053.72356477  .00000058  00000-0  30567-4 0  9990
2 16681  74.0230  50.1770 0019317 346.1983  13.8637 14.33059842873763
COSMOS 2502
1 40358U 14086A   22053.73687597 -.00000039  00000-0  25651-4 0  9999
2 40358  67.1502 241.8247 0005818 288.0992  71.9448 13.97466058365513
IRIDIUM 168
1 43924U 19002C   22053.75646516  .00000132  00000-0  40093-4 0  9992
2 43924  86.3952 291.9957 0001752  88.9279 271.2118 14.34218866163169
PROMETHEUS 2-1
1 41854U 16067G   22053.30042748  .00002939  00000-0  25118-3 0  9995
2 41854  97.9767 182.4695 0009805  13.0654 347.0820 14.98425692288490
SKYMED 4
1 37216U 10060A   22053.74780232  .00000208  00000-0  32697-4 0  9992
2 37216  97.8832 239.0601 0001447  82.3141 277.8241 14.82157727611265
ONEWEB-0048
1 45153U 20008Y   22053.50628979  .00000635  00000-0  17830-2 0  9991
2 45153  87.8919 349.5420 0001590  67.3557 292.7738 13.10372902101454
ORBCOMM FM 3
1 25158U 98007B   22053.58960909  .00000446  00000-0  22118-3 0  9994
2 25158 107.9871 178.5252 0050413 196.6765 163.2715 14.29873955250789
HUMSAT D
1 39433U 13066T   22053.54796936  .00001645  00000-0  16013-3 0  9999
2 39433  97.4571  70.7588 0028284 264.0698  95.7298 14.93529483448061
STARLINK-1316
1 45415U 20019BH  22053.33606398 -.00001214  00000-0 -62643-4 0  9996
2 45415  53.0551 284.2199 0001344  86.4585 273.6558 15.06388202107361
GAOFEN 1
1 39150U 13018A   22053.77149698  .00000292  00000-0  48847-4 0  9992
2 39150  97.8025 123.6541 0017705 291.7485  68.1836 14.76600730475810
WEOS
1 27599U 02056C   22053.47192049  .00000072  00000-0  45245-4 0  9996
2 27599  98.6105 359.2027 0008802 246.8220 113.2036 14.29568069  1123
COSMOS 2328
1 23790U 96009D   22053.52612051  .00000009  00000-0 -11340-4 0  9992
2 23790  82.5737 245.5078 0007924  32.6452 327.5128 12.62545588198631
JAS 1B (FUJI 2)
1 20480U 90013C   22053.82387187 -.00000029  00000-0 -23409-5 0  9999
2 20480  99.0207 251.8471 0540981 113.8274 252.0489 12.83432751501297
HARP
1 45256U 98067QZ  22052.59085198  .00150174  00000-0  75481-3 0  9994
2 45256  51.6388 142.1710 0003275  48.0790 312.0491 15.80726130114319
COSMOS 1523
1 14612U 84001B   22053.43572299 -.00000014  00000-0  10105-4 0  9997
2 14612  74.0057 304.0174 0040997  95.9331  76.7018 12.58616951752026
FORMOSAT7-1/COSMIC2-1
1 44349U 19036L   22053.61183863  .00002899  00000-0  15933-3 0  9993
2 44349  24.0014  30.8487 0012173 104.1880 255.9976 15.08479981146740
ONEWEB-0065
1 45164U 20008AK  22053.80392975  .00000652  00000-0  18311-2 0  9994
2 45164  87.8945 349.3976 0001576  74.6621 285.4680 13.10372870102300
COSMOS 2041
1 20235U 89074D   22053.47258141  .00000019  00000-0  43950-4 0  9999
2 20235  82.5854 139.0474 0009688  85.3319 284.9536 12.64787704497311
METEOR 1-19
1 07490U 74083A   22053.57030984  .00000038  00000-0  14741-4 0  9992
2 07490  81.1851 241.8682 0030520 214.0698 145.8514 14.10079661432795
VENTA 1
1 42791U 17036AC  22053.40480106  .00006298  00000-0  24162-3 0  9998
2 42791  97.2176 100.0792 0010382  22.6112 337.5583 15.26776757259490
COSMOS 2330
1 23792U 96009F   22053.34456644  .00000005  00000-0 -33503-4 0  9999
2 23792  82.5766 266.5364 0012123  41.2950 318.9055 12.60918028197039
GAOFEN 3
1 41727U 16049A   22053.78632516  .00000007  00000-0  15459-4 0  9996
2 41727  98.4105  63.7146 0000760  64.1556 295.9705 14.42214321291561
YAOGAN 24
1 40310U 14072A   22053.82913120  .00000323  00000-0  53982-4 0  9999
2 40310  97.9592 175.7804 0017392 288.5557  71.3769 14.76242246391324
DMSP 5D-2 F15 (USA 147)
1 25991U 99067A   22053.57046880  .00000051  00000-0  48704-4 0  9990
2 25991  99.0451  43.2293 0010612 149.9767   3.0395 14.16501186147502
STARLINK-1061
1 44766U 19074BF  22053.39042201 -.00002683  00000-0 -16132-3 0  9998
2 44766  53.0565  13.9753 0001621  69.8114 290.3049 15.06386648125686
GLOBALSTAR M093
1 39073U 13005B   22053.53240994 -.00000095  00000-0  47186-4 0  9994
2 39073  51.9840 355.0364 0000846  95.2429 264.8534 12.62268236417873
COSMOS 2270
1 23001U 94011C   22053.75805412  .00000012  00000-0  49483-5 0  9991
2 23001  82.5696 240.7991 0007749 148.9612 222.1248 12.62870126292092
IRIDIUM 130
1 43073U 17083D   22053.53103810  .00000015  00000-0 -18591-5 0  9995
2 43073  86.3934 260.5826 0002022  95.5426 264.6000 14.34216061218274
COSMOS 623
1 06991U 73104G   22053.51362272 -.00000012  00000-0  28372-4 0  9990
2 06991  74.0317 318.0044 0063140 318.3395 215.1280 12.56919108210683
LANDSAT 3
1 10702U 78026A   22053.53963961 -.00000051  00000-0 -63124-5 0  9996
2 10702  98.8403  29.3133 0014940 157.7568 309.4204 13.96713120241509
ORBCOMM FM 119
1 41180U 15081B   22053.74047357  .00000144  00000-0  71273-4 0  9991
2 41180  47.0013 135.1029 0002604 270.5929  89.4657 14.54977720329300
ONEWEB-0018
1 45434U 20020L   22053.53594035  .00000489  00000-0  13429-2 0  9992
2 45434  87.8933 334.3468 0001605  87.2442 272.8870 13.11417004 96113
COSMOS 1392
1 13379U 82073E   22053.33867198 -.00000021  00000-0 -34423-4 0  9995
2 13379  74.0128 276.8786 0009092  24.4553  88.8081 12.49354703491807
STARLINK-1131
1 45047U 20006D   22053.49178125  .00000779  00000-0  71199-4 0  9991
2 45047  53.0545  73.5331 0001437  67.2981 292.8160 15.06406238113967
ORBCOMM FM 32
1 25982U 99065C   22053.69427572  .00000170  00000-0  11404-3 0  9990
2 25982  45.0186  38.1307 0003526 129.5492 230.5666 14.32292726161017
COSMOS 1295
1 12681U 81077A   22053.51692472  .00000046  00000-0  31873-4 0  9995
2 12681  82.9176 214.9805 0043895   0.2604  58.1267 13.76427189 35479
ORBCOMM FM 109
1 40086U 14040A   22053.41704772  .00000158  00000-0  74608-4 0  9994
2 40086  47.0052 316.7831 0001580 161.6803 198.4138 14.54969199404599
CARTOSAT 2B
1 36795U 10035A   22053.75650364  .00000317  00000-0  50421-4 0  9994
2 36795  97.9770 115.2776 0012329 252.7225 107.2632 14.78657278627115
OPS 0054 (DMSP 5A F1)
1  4331U 70012A   22053.83800769  .00000109  00000-0  55850-4 0  9991
2  4331  98.8322 163.0902 0057721 261.3675  98.0966 14.32856438711931
SEAHAWK-1
1 43820U 18099BQ  22053.54739977  .00001598  00000-0  14617-3 0  9992
2 43820  97.6307 123.1369 0010817 286.0413  73.9617 14.96341458175299
COSMOS 650
1 07281U 74028A   22053.61200052  .00000001  00000-0  89012-4 0  9992
2 07281  74.0417 201.6004 0021101   2.3337  74.7987 12.69535872216211
STARLINK-1160
1 45082U 20006AQ  22053.46413450  .00000878  00000-0  77818-4 0  9994
2 45082  53.0558  53.6455 0002008  47.2313 312.8845 15.06397969114232
FLOCK 3P 69
1 42020U 17008CA  22053.16873159  .00017677  00000-0  53190-3 0  9995
2 42020  97.2956 124.1268 0005044 266.6691  93.3975 15.34417160278286
DIAMOND BLUE
1 42786U 17036X   22053.66060591  .00006063  00000-0  24221-3 0  9998
2 42786  97.2180  98.5283 0011559  27.1596 333.0245 15.25428678259422
STARLINK-1189
1 45221U 20012AV  22053.63553730  .00000098  00000-0  25458-4 0  9998
2 45221  53.0551 152.8906 0001423  68.8298 291.2843 15.06394262111984
GFO
1 25157U 98007A   22053.81934515  .00003036  00000-0  18183-3 0  9998
2 25157 108.0371  11.6008 0166464 255.2398 103.0280 15.03028661286180
GLOBALSTAR M039
1 25961U 99062A   22053.52981207 -.00000103  00000-0  16128-5 0  9993
2 25961  51.9874 355.7992 0002702 181.3044 178.7816 12.62235080 27322
SPARC-1
1 44226U 19026B   22053.19813652  .00010234  00000-0  38686-3 0  9997
2 44226  40.0222 339.8729 0012584 280.3886  79.5498 15.26723206156149
MEGSAT 1
1 26546U 00057B   22053.85128435  .00000929  00000-0  10793-3 0  9996
2 26546  64.5557  14.4588 0022277 319.7557  40.1903 14.91490053161847
YAOGAN-30 B
1 42946U 17058B   22053.68678186  .00000906  00000-0  94549-4 0  9998
2 42946  34.9988 167.7389 0002928 346.2657  13.7970 14.90186675239865
RESURS P2
1 40360U 14087A   22053.89302620  .00003672  00000-0  10913-3 0  9990
2 40360  97.2132 141.1765 0010538 133.8003 337.2777 15.35337591400674
LEMUR 2 MONSON
1 42839U 17042Q   22053.54550828  .00001391  00000-0  13935-3 0  9997
2 42839  97.4440 277.1279 0013473  28.9332 331.2633 14.92808864251106
PAYLOAD A
1 39208U 13037A   22053.53619073  .00000291  00000-0  58397-4 0  9990
2 39208  98.0277  53.9399 0009726 114.9853 245.2364 14.68541352460689
COSMOS 588
1 06845U 73069A   22053.34348475 -.00000019  00000-0 -22111-4 0  9991
2 06845  73.9994 283.9146 0028684 350.4103 125.8180 12.48601977205707
COSMOS 778
1 08419U 75103A   22053.63125170  .00000041  00000-0  27243-4 0  9992
2 08419  82.9768  15.3960 0020659 293.7679 239.8662 13.74637854322116
COSMOS 2180
1 21875U 92008A   22053.83880933  .00000026  00000-0  11778-4 0  9992
2 21875  82.9280 308.8395 0038466  37.4704  31.6186 13.73767756504750
COSMOS 2498
1 39763U 14028C   22053.47348492  .00000003  00000-0 -44812-4 0  9993
2 39763  82.4503  15.8702 0019473 267.1935  92.6915 12.42900434351844
RCM 1
1 44322U 19033A   22053.78233770  .00000003  00000-0  57293-5 0  9994
2 44322  97.7596  62.7274 0001622  87.6992 272.4437 14.92588691147082
ASTROCAST-01
1 43798U 18099AS  22053.44283169  .00000487  00000-0  47604-4 0  9991
2 43798  97.6377 124.4452 0011033 276.7833  83.2133 14.96750351175901
METEOR 1-14
1 06392U 73015A   22053.40463500 -.00000011  00000-0 -13569-4 0  9992
2 06392  81.2399  17.9422 0042741 314.5481  45.2201 14.07621563510974
COSMOS 521
1 06206U 72074A   22053.62719428 -.00000068  00000-0  12782-4 0  9994
2 06206  65.8271 199.5531 0005271 177.5660 260.2442 13.72453333475397
JILIN-01 GAOFEN 2A
1 44777U 19075A   22053.83861348  .00002050  00000-0  13212-3 0  9993
2 44777  97.4309 114.8651 0006637 283.5356 211.7230 15.09386559125615
PROMETHEUS 2-9
1 44366U 19037B   22053.33101134  .00059142  00000-0  75140-3 0  9992
2 44366  45.0059 274.5127 0011435 234.1518 125.8316 15.58551686149699
FAISAT 2V
1 24954U 97052B   22053.81540265  .00000045  00000-0  28026-4 0  9991
2 24954  82.9192  84.8123 0040798  64.2639 109.0235 13.80040698229687
SHIYAN 6 (SY-6)
1 43711U 18094B   22053.85967487  .00003206  00000-0  10546-3 0  9994
2 43711  97.4182  61.1153 0036620 167.6079 192.6072 15.31635355181069
KANOPUS-V-IK
1 42825U 17042A   22053.89262914  .00001105  00000-0  54704-4 0  9999
2 42825  97.4378 324.2133 0001785  86.4633 346.0029 15.19854038255763
IRIDIUM 175
1 43928U 19002G   22053.38940974  .00000366  00000-0  54092-4 0  9993
2 43928  86.6086 291.9784 0001988  84.8874 275.2570 14.72263077167390
SJ-9B
1 38861U 12056B   22053.82430551  .00000506  00000-0  70296-4 0  9999
2 38861  97.6124  92.4524 0018823  22.6688 337.5344 14.81788289505822
TEMISAT
1 22783U 93055B   22053.67319009  .00000026  00000-0  10627-4 0  9999
2 22783  82.5494 107.9431 0021751 311.1075  48.8206 13.83727959438349
PALISADE
1 44634U 19069A   22053.52960754 -.00000347  00000-0 -10083-2 0  9996
2 44634  87.8914 232.6739 0008760 347.3064  12.7843 13.11834690112522
KOMPSAT 2
1 29268U 06031A   22053.81642632  .00000272  00000-0  62759-4 0  9995
2 29268  97.9061 287.8656 0016977  17.2396 342.9375 14.62200844831142
FLOCK 3S 2
1 43821U 18099BR  22053.45774649  .00002067  00000-0  18632-3 0  9991
2 43821  97.6390 124.0420 0012590 294.1600  65.8305 14.96593373175589
PICOSAT 3
1 26091U 00004J   22053.53646108  .00000734  00000-0  20599-3 0  9999
2 26091 100.1823 164.1077 0029986 204.4038 155.5731 14.49711839161413
OAO 1
1 02142U 66031A   22053.35595793  .00000069  00000-0  31149-4 0  9990
2 02142  35.0459 299.0402 0007321 190.1591 169.8949 14.33914650924717
ZACUBE
1 39417U 13066B   22053.45979228  .00001158  00000-0  14838-3 0  9990
2 39417  97.6233  30.2786 0059715  62.3521 298.3737 14.81863035446099
MAROC TUBSAT
1 27004U 01056D   22053.38064926 -.00000022  00000-0  26469-4 0  9991
2 27004  99.6030 193.8842 0019278 227.4060 191.0866 13.70152670 10380
METEOR 2-9
1 13718U 82116A   22053.54655036  .00000012  00000-0 -74846-6 0  9993
2 13718  81.2473  94.3507 0054282 142.3003 218.1995 14.15499024 23435
YAOGAN-30 G
1 43081U 17085A   22053.76069475  .00000887  00000-0  92611-4 0  9999
2 43081  34.9996 287.2174 0004037 194.8867 165.1714 14.90178716226791
COSMOS 985
1 10599U 78007A   22053.72065662  .00000037  00000-0  22165-4 0  9992
2 10599  82.9403 119.4016 0051489 282.4736  77.0663 13.76712858215277
HODOYOSHI 1
1 40299U 14070B   22053.87896075  .00003324  00000-0  13295-3 0  9993
2 40299  97.2583 125.4089 0012453 175.6702 306.5850 15.25701894405583
COSMOS 510
1 06123U 72057G   22053.50323064 -.00000009  00000-0  51033-4 0  9994
2 06123  74.0292 311.0181 0008545 127.0201  45.7790 12.41042336246828
COSMOS 1829
1 17584U 87026C   22053.55700890  .00000033  00000-0  12374-3 0  9990
2 17584  82.5747 159.6872 0000980 138.4373 221.6793 12.62658271610551
STARLINK-1186
1 45099U 20006BH  22053.46229837  .00001325  00000-0  10785-3 0  9993
2 45099  53.0566  33.6629 0001703  55.5608 304.5542 15.06398619114527
COSMOS 2268
1 22999U 94011A   22053.65092229  .00000013  00000-0  11719-4 0  9990
2 22999  82.5723 263.9704 0010194 160.7668 258.8342 12.61168041290362
COSMOS 1082
1 11297U 79024B   22053.55412552 -.00000027  00000-0 -69243-4 0  9992
2 11297  74.0321  79.2970 0025920  63.7215  52.4566 12.54926518567105
TYVAK-0129
1 44853U 19089B   22053.58729796  .00004146  00000-0  32285-3 0  9994
2 44853  36.9655  57.0761 0004944  23.6665 336.4304 15.01203848120777
COSMOS 2058
1 20465U 90010A   22053.70602385  .00001236  00000-0  10096-3 0  9991
2 20465  82.4880  41.1349 0013678 289.0318  70.9423 14.98516497741558
YAOGAN 3
1 32289U 07055A   22053.83360376  .00000546  00000-0  76912-4 0  9993
2 32289  97.9587  76.6041 0001632 106.4189 253.7194 14.81191814772078
SAUDICOMSAT 5
1 31124U 07012H   22053.85146923  .00000343  00000-0  73989-4 0  9991
2 31124  98.1400   2.6070 0052364  38.7803 321.7139 14.63681021792892
STARLINK-1266
1 45383U 20019Z   22053.39779918  .00000371  00000-0  43817-4 0  9998
2 45383  53.0548 293.9492 0001587  77.6502 282.4664 15.06390175107496
COSMOS 681
1 07439U 74072E   22053.41381994 -.00000014  00000-0  13223-4 0  9995
2 07439  74.0362 305.0412 0004870 241.3368 293.9031 12.49038220162566
COSMOS 1408
1 13552U 82092A   22053.36042600  .00003976  00000-0  12702-3 0  9990
2 13552  82.5744  24.2144 0028165 152.1098 208.1661 15.31740138 15118
GLOBALSTAR M094
1 39074U 13005C   22053.77020955 -.00000090  00000-0  74301-4 0  9998
2 39074  51.9939 267.4892 0000919  87.3111 272.7861 12.62265920419539
COSMOS 2439
1 32956U 08025D   22053.47946275  .00000049  00000-0  27963-3 0  9999
2 32956  82.5019 257.1705 0021072 151.7568 208.4658 12.43020543624036
FLOCK 3P 86
1 41985U 17008AP  22053.44466205  .00015758  00000-0  50057-3 0  9992
2 41985  97.2953 123.0185 0005016 274.8835  85.1835 15.32714653279345
COSMOS 2227
1 22284U 92093A   22053.78427589  .00000322  00000-0  19661-3 0  9996
2 22284  70.9761 247.2078 0017451 107.6836 252.6192 14.13351075504487
COSMOS 1159
1 11694U 80012D   22053.58890179 -.00000017  00000-0 -81964-5 0  9994
2 11694  74.0178 251.6038 0017753 123.0113 292.5427 12.50091617918112
GLOBALSTAR M081
1 37743U 11033E   22053.47799080 -.00000083  00000-0  11858-3 0  9996
2 37743  51.9973 313.2201 0000777  87.9627  83.2674 12.62268487490944
FLOCK 3P 34
1 41988U 17008AS  22053.45965268  .00007380  00000-0  25415-3 0  9991
2 41988  97.2944 122.0071 0005110 275.2222  84.8436 15.30313147278805
COSMOS 2230
1 22307U 93001A   22053.42739632  .00000062  00000-0  50605-4 0  9993
2 22307  82.9437  13.5753 0023401 229.7668 249.7468 13.73630656450732
LEMUR 2 ALEX-MADDY
1 44407U 19038X   22053.84703478  .00004951  00000-0  26824-3 0  9997
2 44407  97.6185  22.4987 0022576 165.0830 195.1072 15.14858047145642
OCEANSAT 2
1 35931U 09051A   22053.82711423 -.00015147  00000-0 -41360-2 0  9992
2 35931  98.2890 150.9909 0000696 220.2624 139.8514 14.47321627657625
FENGYUN 1D
1 27431U 02024B   22053.57581287 -.00000050  00000-0 -24028-5 0  9998
2 27431  99.1405  72.4622 0015149 344.6062  15.4645 14.09747127 17448
RISESAT
1 43934U 19003C   22053.86919845  .00012121  00000-0  50901-3 0  9993
2 43934  97.1500  87.9033 0015018 218.3065 314.7703 15.23485700172164
SSETI-EXPRESS
1 28894U 05043E   22053.79481925  .00000238  00000-0  56873-4 0  9996
2 28894  98.1055 180.6985 0017198 174.1811 185.9593 14.61790420870354
COSMOS 1926
1 18939U 88016C   22053.62304852 -.00000020  00000-0 -26888-4 0  9995
2 18939  74.0028 275.2025 0011629  80.4687 338.7839 12.48822106547942
COSMOS 1292
1 12641U 81074F   22053.79752646 -.00000014  00000-0  14341-4 0  9995
2 12641  74.0352 314.6641 0008296 342.8368  73.1805 12.48705715848623
METEOR 1-20
1 07574U 74099A   22053.50667318 -.00000044  00000-0 -31551-4 0  9999
2 07574  81.2312  59.2645 0017394  96.5651 263.7501 14.11519942428138
COSMOS 1478
1 14176U 83069F   22053.52794231 -.00000010  00000-0  38078-4 0  9992
2 14176  74.0287 327.2618 0011822   4.0102 169.4143 12.48228514760524
COSMOS 1293
1 12642U 81074G   22053.60635510 -.00000013  00000-0  20182-4 0  9995
2 12642  74.0354  21.3946 0036776 238.7508 240.5210 12.56680363860128
COSMOS 1931
1 18944U 88016H   22053.49061524 -.00000004  00000-0  74467-4 0  9999
2 18944  74.0085 335.1662 0041054 257.2205 218.4425 12.58528293559881
AISTECHSAT-2
1 43768U 18099L   22053.75335742  .00000942  00000-0  90626-4 0  9995
2 43768  97.6323 122.1267 0010001 296.0870  63.9322 14.95261415175540
COSMOS 1937
1 19038U 88029A   22053.60021630  .00000045  00000-0  24676-4 0  9996
2 19038  74.0453 113.7865 0025210 229.5578 240.1407 14.35262192773634
SOLRAD 7B
1  1291U 65016D   22053.84038263 -.00000016  00000-0  27042-4 0  9994
2  1291  70.0818 344.4770 0019820  21.5097 338.6836 13.94627105897528
AISAT
1 40054U 14034B   22053.45105132  .00001549  00000-0  21731-3 0  9994
2 40054  98.3463 220.4069 0011970 327.3905  32.6564 14.78961341412476
LEMUR 2 ARTFISCHER
1 42881U 17042BJ  22053.53910940  .00070712  00000-0  93509-3 0  9996
2 42881  96.8172 257.9156 0006630 226.2550 133.8159 15.58080924259064
JD 1
1 14728U 84012C   22053.51027154  .00003221  00000-0  27481-3 0  9997
2 14728  63.2999 336.4620 0907610 100.3414 270.1088 13.53247238128669
COSMOS 2148
1 21304U 91033F   22053.47113008  .00000037  00000-0  13885-3 0  9990
2 21304  82.5739 202.9780 0022322 307.7034 119.9205 12.65925573421727
COSMOS 2250
1 22651U 93030F   22053.57216171  .00000002  00000-0 -44760-4 0  9991
2 22651  82.5793 247.3279 0008783 263.0319 150.5170 12.63077293327108
TIROS 6
1   397U 62047A   22053.72178655  .00000404  00000-0  65962-4 0  9991
2   397  58.3050 189.8944 0013697 121.8001 238.4380 14.88736291198537
COSMOS 1251
1 12321U 81022B   22053.61951687 -.00000008  00000-0  45911-4 0  9990
2 12321  74.0315  23.9855 0043916  27.1009  89.2476 12.56451456879015
STARLINK-1275
1 45407U 20019AZ  22053.83640207 -.00001417  00000-0 -76297-4 0  9994
2 45407  53.0553 281.9802 0001540  80.3326 279.7836 15.06384428107411
CYGFM01
1 41887U 16078D   22053.77097906  .00002317  00000-0  12140-3 0  9991
2 41887  34.9519 197.8606 0015145 145.1678 215.0028 15.15374876287446
LARETS
1 27944U 03042F   22053.83061946  .00000010  00000-0  11309-4 0  9993
2 27944  98.1930 183.4094 0011136 283.5883  76.4079 14.63221494983027
IRIDIUM 137
1 43076U 17083G   22053.83548657  .00000024  00000-0  15251-5 0  9992
2 43076  86.3932 260.4052 0001707  90.1339 270.0052 14.34219141218379
LEMUR 2 ANGELA
1 42752U 17019B   22053.77416120  .00010957  00000-0  30696-3 0  9997
2 42752  51.6368  80.3639 0008773  12.5567 347.5634 15.37097398263512
COSMOS 2352
1 25363U 98036A   22053.53798025  .00000021  00000-0  10870-3 0  9998
2 25363  82.5915 212.4679 0351579 331.0343  89.6239 12.20097445 55145
COSMOS 1048
1 11111U 78105A   22053.52693679  .00000061  00000-0  30893-4 0  9999
2 11111  74.0294 343.4407 0015481 119.3131 240.9570 14.34330109262113
FLOCK 4A 20
1 44091U 19018P   22053.74433503  .00011971  00000-0  43470-3 0  9998
2 44091  97.3279 116.0552 0012594 158.0685 202.1096 15.28375958161170
CHUBUSAT 3
1 41339U 16012C   22053.63048772  .00001270  00000-0  90420-4 0  9998
2 41339  31.0117  31.7189 0013176 101.0398 259.1719 15.01014902330210
SPACEBEE-1
1 43142U 18004AH  22053.19123140  .00039713  00000-0  92280-3 0  9997
2 43142  97.4026 140.9468 0004693  19.7488 340.3940 15.42229028229365
FLOCK 3R 2
1 43748U 18096AF  22053.81213341  .00027614  00000-0  69737-3 0  9990
2 43748  97.3704 139.5905 0015571  96.7419 263.5599 15.39664821180727
FLOCK 3K 8
1 43901U 18111AB  22053.45032731  .00017661  00000-0  55542-3 0  9991
2 43901  97.2094 306.7962 0019789 114.5732 245.7575 15.32825938175947
LEMUR 2 PAPPY
1 44861U 19089K   22053.42407200  .00003317  00000-0  26286-3 0  9992
2 44861  36.9660  62.2383 0005396 346.6300  13.4298 15.00725800120642
OPS 7898 (P/L 4)
1 05682U 71110E   22053.31295478 -.00000027  00000-0  24935-4 0  9999
2 05682  69.9916  17.1575 0009206 328.3515  31.7024 13.74443229128628
PAYLOAD C
1 39210U 13037C   22053.57044303  .00000177  00000-0  39349-4 0  9994
2 39210  98.0390  53.0129 0008035 109.1858 251.0218 14.67868456462932
IRIDIUM 173
1 43925U 19002D   22053.18563613  .00000126  00000-0  38035-4 0  9992
2 43925  86.3949 292.1875 0001798  85.7956 274.3446 14.34216837163068
FLOCK 3P 77
1 42025U 17008CF  22053.41600305  .00013847  00000-0  44623-3 0  9995
2 42025  97.2955 122.8190 0005450 277.5014  82.5609 15.32281190279342
CAPE 1
1 31130U 07012P   22053.82512982  .00000568  00000-0  13013-3 0  9997
2 31130  98.2593 355.2837 0094333 288.8482  70.2504 14.56884162788399
SKYMED 2
1 32376U 07059A   22053.80263275 -.00000086  00000-0 -42945-5 0  9992
2 32376  97.8839 239.1152 0001412  85.2602 274.8744 14.82159123768723
CUTE-1.7+APD II
1 32785U 08021C   22053.81178899  .00001204  00000-0  13321-3 0  9999
2 32785  97.6439  28.4281 0011306 252.0276 107.9709 14.89096495749496
GLOBALSTAR M065
1 31571U 07020A   22053.42772390 -.00000078  00000-0  14231-3 0  9992
2 31571  51.9923 311.8791 0001224  36.5221 136.0822 12.62265338680527
COSMOS 860
1 09486U 76103A   22053.56405755 -.00000077  00000-0  11789-4 0  9998
2 09486  64.7028   0.9322 0080218 262.7627  96.4305 13.81282469665304
ANTELSAT
1 40034U 14033AA  22053.51106184  .00001008  00000-0  15376-3 0  9994
2 40034  97.6642 248.7558 0058331 168.0262 192.2350 14.74784388412510
XJS A
1 43518U 18054A   22053.53787380  .00012393  00000-0  38643-3 0  9997
2 43518  35.0433 102.6343 0005848 115.0246 245.1080 15.32403755204690
SEEDS
1 32791U 08021J   22053.85042309  .00001508  00000-0  15420-3 0  9995
2 32791  97.5999  34.0938 0012116 205.8516 154.2099 14.91945226750181
COSMOS 529
1 06264U 72087B   22053.48575257 -.00000013  00000-0  21080-4 0  9997
2 06264  74.0374 318.7942 0041741  17.6235 155.9528 12.57175369262966
COSMOS 1617
1 15469U 85003A   22053.44965028  .00000007  00000-0 -20653-4 0  9999
2 15469  82.6119  37.1650 0000131 166.9904 305.8093 12.62489153709595
COSMOS 571
1  6682U 73037H   22053.85738500 -.00000019  00000-0 -11618-4 0  9993
2  6682  74.0156 259.1878 0103282 302.8011  67.4496 12.65881667251114
COSMOS 1758
1 16791U 86046A   22053.81583547  .00000924  00000-0  61711-4 0  9996
2 16791  82.4719 162.9796 0016600  25.9002 334.3052 15.05719628943110
KOMPSAT 3
1 38338U 12025B   22053.79295951  .00000241  00000-0  57697-4 0  9999
2 38338  98.1701 355.1590 0011422  19.7014 340.4637 14.61756334521222
COSMOS 1371
1 13241U 82051A   22053.54998377  .00000038  00000-0  23863-4 0  9998
2 13241  74.0416 240.7195 0013080   3.7508 356.3738 14.31772927 73882
COSMOS 940
1 10286U 77079B   22053.55554563 -.00000021  00000-0 -31110-4 0  9992
2 10286  74.0220 257.6077 0043048 104.3025 317.7209 12.58862860 13898
GLOBALSTAR M031
1 25946U 99058D   22053.77703299 -.00000132  00000-0 -41949-3 0  9991
2 25946  51.9937 239.3357 0000718 204.5632 168.0480 12.15976095 17530
MOHAMMED VI-A
1 43005U 17070A   22053.80391550  .00000329  00000-0  53726-4 0  9991
2 43005  97.9373 127.6854 0001472  87.8192 272.3173 14.77116723231420
ASTEX 1
1  5560U 71089A   22053.84777180  .00000234  00000-0  62929-4 0  9996
2  5560  92.7133  35.1909 0017172  26.2914 333.9158 14.48206836648824
NOAA 5
1 09057U 76077A   22053.55740616 -.00000016  00000-0  21951-3 0  9993
2 09057 102.0833  22.8360 0010017 352.3146 119.3109 12.37767772 59528
VANGUARD 2
1    11U 59001A   22053.83197560  .00000847  00000-0  45179-3 0  9996
2    11  32.8647 264.6509 1466352 126.0358 248.5175 11.85932318689790
LEMUR 2 ROBMOORE
1 42754U 17019D   22053.68740847  .00013246  00000-0  36946-3 0  9993
2 42754  51.6366  81.9904 0008701  13.6998 346.4220 15.37038024263469
ONEWEB-0033
1 45142U 20008M   22053.33798651  .00000612  00000-0  17180-2 0  9998
2 45142  87.8894 349.4991 0001813  82.7231 277.4103 13.10374357101838
SPARK 2
1 41901U 16081D   22053.40238882  .00000195  00000-0  55459-4 0  9995
2 41901  98.3467 359.6683 0027707 139.3094 221.0180 14.55358405274654
COSMOS 836
1  8923U 76061A   22053.84117075  .00000048  00000-0  27003-4 0  9995
2  8923  74.0559 333.0679 0019154 242.4006 117.5200 14.33209584384733
LATINSAT A
1 27612U 02058H   22053.63942238  .00000316  00000-0  60251-4 0  9990
2 27612  64.5557 149.8891 0056464 292.8305  66.6842 14.79730068 34347
FLOCK 3PP 2
1 43120U 18004K   22053.48247045  .00003752  00000-0  15217-3 0  9995
2 43120  97.3871 128.6260 0010708  57.3753 302.8517 15.25189076228651
OPS 0100 (TRANSIT 15)
1 02754U 67034A   22053.61232213  .00000111  00000-0  14293-3 0  9995
2 02754  90.2060   1.2260 0021515  75.7294  97.5524 13.56863916712411
COSMOS 595
1 06852U 73069H   22053.56005571 -.00000004  00000-0  76182-4 0  9990
2 06852  74.0046 341.9457 0055916 333.5646 198.8823 12.55449502217784
COSMOS 1752
1 16762U 86042E   22053.57328957 -.00000002  00000-0  97738-4 0  9991
2 16762  74.0218 353.6187 0012244 212.5515 320.8142 12.46982169625903
FLOCK 3PP 4
1 43122U 18004M   22053.47131844  .00003938  00000-0  15945-3 0  9999
2 43122  97.3878 128.7660 0010513  58.5644 301.6621 15.25221888228652
SHIYAN 2 (SY-2)
1 28479U 04046A   22053.79080212  .00000367  00000-0  83743-4 0  9990
2 28479  98.1133  73.5401 0010453 170.7362 189.4033 14.61279554919434
NOVA 1
1 12458U 81044A   22053.74273299  .00000027  00000-0  42042-4 0  9997
2 12458  89.8911 108.9029 0013352 341.6965 141.9834 13.23049550968459
STARLINK-1183
1 45088U 20006AW  22053.34802971  .00000392  00000-0  45249-4 0  9991
2 45088  53.0560  34.1848 0001671  67.9792 292.1375 15.06401843114501
MACSAT 2 (M 2)
1 20608U 90043B   22053.72686974  .00000400  00000-0  52296-4 0  9995
2 20608  89.7268 298.3982 0090450  32.8688 327.8113 14.75576317705926
PICOSAT 4
1 26092U 00004K   22053.39239191  .00000260  00000-0  93436-4 0  9999
2 26092 100.1980 103.0313 0033300 338.4451  21.5330 14.43882023158584
MAKERSAT 0
1 43016U 17073D   22053.44517891  .00002541  00000-0  19625-3 0  9991
2 43016  97.6890 312.8862 0249142 201.8173 157.2283 14.81069915230163
CHIPSAT
1 27643U 03002B   22053.43789828  .00002080  00000-0  13121-3 0  9999
2 27643  94.0387 212.5726 0014044 269.0747  90.8880 15.09340395 47337
COSMOS 2499
1 39765U 14028E   22053.53780330  .00000010  00000-0 -13223-4 0  9993
2 39765  82.4384 235.8274 0231588 100.5959 262.1318 12.83003515362987
COSMOS 1036
1 11045U 78091C   22053.55049997 -.00000011  00000-0  33841-4 0  9992
2 11045  74.0322 238.2258 0024393   6.3030  48.5682 12.50816125981196
COSMOS 978
1 10585U 78005C   22053.38241062 -.00000009  00000-0  44027-4 0  9998
2 10585  74.0314  37.2645 0028073 102.9240   6.6390 12.55662607 11450
UKUBE 1
1 40074U 14037F   22053.88371194  .00001123  00000-0  13898-3 0  9992
2 40074  98.4000 288.4852 0003884 313.5946  46.4947 14.84931646413063
DOVE 4
1 39434U 13066U   22053.63582231  .00010243  00000-0  61954-3 0  9999
2 39434  97.4833 123.6493 0029620  94.9664 265.4948 15.10460808452310
FLOCK 1C 2
1 40029U 14033V   22053.37385004  .00002551  00000-0  25996-3 0  9995
2 40029  97.9897 358.3732 0014951  69.6909 290.5914 14.91541871416806
TIGRISAT
1 40043U 14033AK  22053.77547202  .00000685  00000-0  10668-3 0  9991
2 40043  97.6582 249.2149 0059808 166.6507 193.6302 14.74752078413021
ORBCOMM FM 8
1 25112U 97084A   22053.32494225  .00000442  00000-0  18602-3 0  9992
2 25112  45.0176  23.5709 0010277 271.5108  88.4564 14.39465479266611
COSMOS 718
1 07685U 75016H   22053.59376388  .00000004  00000-0  12896-3 0  9999
2 07685  74.0047 161.8727 0039355 236.7730 134.2472 12.51358796146297
STARLINK-1265
1 45406U 20019AY  22053.35816699  .00000560  00000-0  56528-4 0  9991
2 45406  53.0543 284.1186 0001486  73.2899 286.8253 15.06395636107341
COSMOS 842
1 09025U 76070A   22053.61442236  .00000041  00000-0  27832-4 0  9997
2 09025  82.9888 134.4142 0027092 341.0155 129.7922 13.74078651285705
STARLINK-1110
1 44946U 20001AJ  22053.41496697  .00011530  00000-0  71476-3 0  9996
2 44946  53.0029 107.1526 0001119 148.6852 211.4204 15.10176331117681
ORBCOMM FM 36
1 25984U 99065E   22053.65842644  .00000469  00000-0  21972-3 0  9991
2 25984  45.0390  39.3428 0004335 330.5008  29.5594 14.33223513161126
CSG-1
1 44873U 19092A   22053.76046873  .00000188  00000-0  30185-4 0  9998
2 44873  97.8838 239.0754 0001359  81.2811 278.8562 14.82158364118112
TUBSAT A
1 21577U 91050D   22053.78298940  .00000030  00000-0  23852-4 0  9993
2 21577  98.5754 118.3777 0005293 306.1014  53.9684 14.39533500606640
PACE
1 40022U 14033N   22053.53340243  .00001147  00000-0  12640-3 0  9994
2 40022  97.9523 349.5911 0014766  81.2906 278.9982 14.89443955417095
FLOCK 4A 10
1 44097U 19018V   22053.67944995  .00007322  00000-0  28063-3 0  9994
2 44097  97.3319 115.7359 0011159 165.2049 194.9519 15.26752521161139
COSMOS 1363
1 13166U 82040G   22053.61727796 -.00000024  00000-0 -61153-4 0  9996
2 13166  74.0096  99.3291 0020357 253.5424 222.9018 12.44128590807588
COSMOS 2515
1 41394U 16020A   22053.74845115  .00000933  00000-0  80899-4 0  9990
2 41394  97.8602   9.2725 0033155 213.3508 146.5633 14.99224966323759
NIMBUS 2
1 02173U 66040A   22053.39981144 -.00000027  00000-0  40259-4 0  9994
2 02173 100.5019 204.7619 0055444  24.4173  29.1892 13.33580581713574
USA 17
1 16625U 86014F   22053.40440045  .00002765  00000-0  24186-3 0  9996
2 16625  63.3008  18.3741 0928434  86.7741 283.8938 13.48545537128310
PATHFINDER 1
1 41787U 16059E   22053.73094829  .00000219  00000-0  50445-4 0  9996
2 41787  97.9306 101.9602 0030319 166.9702 193.2277 14.63910963288954
STARLINK-1300
1 45374U 20019Q   22053.41070080 -.00002114  00000-0 -12310-3 0  9997
2 45374  53.0552 313.8932 0001391  87.7859 272.3289 15.06386446107220
COSMOS 1255
1 12325U 81022F   22053.86214557  .00000001  00000-0  11207-3 0  9991
2 12325  74.0284 210.3195 0017693 245.2515 225.4540 12.51455524871823
FLOCK 4A 18
1 44089U 19018M   22053.73155972  .00012717  00000-0  46369-3 0  9994
2 44089  97.3290 115.8649 0012748 159.0820 201.0944 15.28222251161152
FLOCK 3P 21
1 41959U 17008M   22053.43422241  .00018104  00000-0  52558-3 0  9990
2 41959  97.2932 124.7994 0005473 260.2332  99.8294 15.35539751279514
GGSE 5
1 02834U 67053D   22053.34573442 -.00000029  00000-0  17564-4 0  9991
2 02834  69.9709 266.3354 0004643  95.6305 264.5329 13.95852749786200
STARLINK-1088
1 44966U 20001BE  22053.39041687  .00001249  00000-0  10273-3 0  9994
2 44966  53.0547  93.9850 0001469  72.1278 287.9871 15.06403770117897
SURFSAT
1 23711U 95059B   22053.57244962 -.00000021  00000-0  45031-4 0  9994
2 23711 100.6221  68.3249 0368367  57.0516  49.9921 13.12733614260167
COSMOS 2528
1 43657U 18082A   22053.81161889 -.00000062  00000-0  96734-5 0  9991
2 43657  67.1497 306.0917 0004220 277.1663  82.8941 13.96523502169933
COSMOS 761
1 08285U 75086A   22053.58871162 -.00000010  00000-0  41301-4 0  9994
2 08285  74.0133 345.4902 0053120 298.6494 234.7551 12.55778705128705
STARLINK-61
1 44249U 19029Q   22053.83096803  .00020570  00000-0  70833-3 0  9991
2 44249  52.9754 246.0324 0006513 152.2572 207.8775 15.30015480152963
METEOR 3-4
1 21232U 91030A   22053.85181943  .00000213  00000-0  52461-3 0  9991
2 21232  82.5417 218.5868 0013516 131.5729 337.0763 13.16644197482051
SAMSAT 218D
1 41466U 16026C   22053.73227372  .00629690  17742-3  13002-2 0  9995
2 41466  97.1280 330.9890 0008402 103.1205 257.1011 15.99186483328002
CANX-1
1 27847U 03031H   22053.55913989  .00000101  00000-0  65150-4 0  9999
2 27847  98.6884  61.6908 0010241  54.2926 305.9203 14.22311513967668
COSMOS 1412
1 13600U 82099A   22053.69799317 -.00000066  00000-0  21057-4 0  9993
2 13600  64.8143 165.0826 0047919 155.2566 306.0517 13.86232356981522
REFLECTOR
1 27005U 01056E   22053.88375564  .00000052  00000-0  10850-3 0  9998
2 27005  99.5558 193.4451 0018194 209.6365 150.3750 13.70844229 10662
COSMOS 1860
1 18122U 87052A   22053.63895795 -.00000066  00000-0  19706-4 0  9990
2 18122  65.0105 154.1238 0052460 340.3769  19.5272 13.84829565754818
LEMUR 2 SOKOLSKY
1 41872U 16062D   22053.55558014  .00016659  00000-0  53636-3 0  9995
2 41872  51.6791 197.6542 0002443 355.7721   4.3240 15.32323254292275
FLOCK 3P 37
1 41953U 17008F   22053.74183949  .00023692  00000-0  65135-3 0  9990
2 41953  97.2980 128.0465 0004389 272.5216  87.5526 15.37193018279889
ZDPS 2B
1 40902U 15049D   22053.80370656  .00007355  00000-0  32904-3 0  9992
2 40902  97.4697  60.9077 0013547  32.7021  17.8611 15.21512746355981
ARGOS
1 25634U 99008A   22053.58299841  .00000011  00000-0  24571-4 0  9999
2 25634  98.4021  73.7075 0009136 296.2868  63.7370 14.19418023190745
LEMUR 2 YUASA
1 43560U 18046G   22053.60048134  .00024624  00000-0  63610-3 0  9992
2 43560  51.6418   9.2524 0006267  22.6609 337.4651 15.38962239201812
DMSP 5D-2 F8 (USA 26)
1 18123U 87053A   22053.57160230  .00000066  00000-0  52840-4 0  9999
2 18123  98.7229 242.2246 0012838  16.7883 343.3715 14.18809654793349
CORVUS BC3
1 43118U 18004H   22053.45157822  .00004215  00000-0  16854-3 0  9995
2 43118  97.3751 127.7332 0010843  54.9739 305.2515 15.25595090228676
COSMOS 1640
1 15622U 85023F   22053.59389830 -.00000001  00000-0  96953-4 0  9999
2 15622  74.0547 202.5156 0034242 218.2238 215.5030 12.52803940688997
EXOS D (AKEBONO)
1 19822U 89016A   22053.62177215  .00075811  76718-6  11886-2 0  9992
2 19822  74.9989  15.3869 1577825  26.1653 341.1103 12.42605776114807
RUBIN 8/PSLV
1 32792U 08021K   22053.50636951  .00000474  00000-0  69325-4 0  9995
2 32792  97.9722  18.8205 0028648  49.5128 310.8574 14.80017064745580
STARLINK-1194
1 45101U 20006BK  22053.42175561 -.00000654  00000-0 -25022-4 0  9994
2 45101  53.0546  33.8301 0001546  60.8339 299.2804 15.06387890114512
OSCAR 29
1 18362U 87080B   22053.48754206  .00000024  00000-0  28471-4 0  9993
2 18362  90.3272  30.7729 0104132 262.5644 209.7979 13.44131966688455
COSMOS 1697
1 16181U 85097A   22053.52150055  .00000159  00000-0  10970-3 0  9996
2 16181  70.9631  79.1227 0019038 238.6307 121.2952 14.13434824741012
ASAP-S
1 41461U 16025F   22053.41457095  .00003980  00000-0  19119-3 0  9991
2 41461  98.1999 213.4410 0160703 315.6316  43.2125 15.08825218319954
SJ-11-07
1 40261U 14059A   22053.75763672  .00000239  00000-0  58518-4 0  9992
2 40261  98.1354 138.6128 0013476  56.0526 304.1952 14.60686050394757
TIANQI-5
1 45019U 20003D   22053.82898345  .00004504  00000-0  15714-3 0  9997
2 45019  97.2374 117.1603 0014103  66.1865  45.2834 15.30019561117559
STARLINK-1208
1 45205U 20012AD  22053.76269113  .00001287  00000-0  10531-3 0  9999
2 45205  53.0533 172.2996 0001376  65.2689 294.8443 15.06398556111731
OPS 1264 (DMSP 4A F4)
1 02980U 67096A   22053.56774536  .00000159  00000-0  43840-4 0  9990
2 02980  99.2026 292.9063 0098040 212.2435 147.2744 14.59527779857038
OPS 5712 (P/L 153)
1 02874U 67053H   22053.60055630 -.00000003  00000-0  36128-4 0  9997
2 02874  69.9716 251.1478 0004573  78.3852 281.7767 13.96389513786794
START 1
1 22561U 93014A   22053.39915475  .00000034  00000-0  17901-4 0  9997
2 22561  75.7625  27.5524 0194691 171.7769 188.6660 14.21834674499853
SJ-11-06
1 39624U 14014A   22053.74460691  .00000207  00000-0  53776-4 0  9994
2 39624  98.1535 105.0347 0013030 239.6398 120.3504 14.59132878420902
COSMOS 2128
1 21103U 91009D   22053.57383445 -.00000001  00000-0  96106-4 0  9995
2 21103  74.0295 199.2265 0015367 292.8831  67.0598 12.51888893418051
COSMOS 1634
1 15597U 85022A   22053.46917284  .00000039  00000-0  24836-4 0  9996
2 15597  82.9403 303.8508 0036722 112.6799  60.6698 13.75111191853660
FLOCK 4A 16
1 44099U 19018X   22053.73966847  .00021575  00000-0  79490-3 0  9999
2 44099  97.3295 116.0327 0010786 166.5818 193.5711 15.27787366161164
AEROCUBE 7B
1 43042U 17071F   22053.82565948  .00042224  00000-0  55272-3 0  9996
2 43042  51.6342 265.7729 0003678 174.6981 185.4051 15.58165485237716
JAWSAT
1 26061U 00004A   22053.53169082  .00000197  00000-0  78579-4 0  9992
2 26061 100.2190  88.7650 0033946  41.8707 318.5063 14.41587816159653
PLEIADES 1B
1 39019U 12068A   22053.78117095  .00000112  00000-0  33829-4 0  9992
2 39019  98.1701 130.3502 0001320  77.1775 282.9565 14.58572544491213
STARLINK-1031
1 44736U 19074Z   22053.80878105 -.00000513  00000-0 -15523-4 0  9995
2 44736  53.0565 352.1143 0001616  55.3080 304.8061 15.06385672126198
SNAP 1
1 26386U 00033C   22053.37676015  .00000335  00000-0  65176-4 0  9998
2 26386  97.7967  95.1377 0009581 295.6831  64.3386 14.68874169416714
XSS 10
1 27664U 03005B   22053.46571499  .00001101  00000-0  12753-3 0  9994
2 27664  39.7475 205.6669 0173959 131.0304 230.5660 14.79521782 28437
COSMOS 680
1  7438U 74072D   22053.75794370 -.00000023  00000-0 -52512-4 0  9992
2  7438  74.0346  48.0097 0016564 302.4003 231.1203 12.46611379158589
COSMOS 1850
1 18095U 87049A   22053.48389867  .00000024  00000-0  18209-4 0  9996
2 18095  74.0378  58.0355 0013683  97.5153 262.7553 14.33273928814084
YINHE-1
1 45024U 20004A   22053.68410499  .00000293  00000-0  39199-4 0  9993
2 45024  86.3932 101.1597 0016742 100.8851 259.4252 14.75403632113385
COSMOS 1891
1 18402U 87087A   22053.77834022  .00000025  00000-0  10482-4 0  9996
2 18402  82.9223 303.0280 0049381 221.6013 138.1382 13.73713010722507
AEROCUBE 5B
1 39466U 13072E   22053.59656575  .00037682  00000-0  18676-2 0  9997
2 39466 120.4636 321.2033 0180048 170.9129 189.5258 15.04407160133380
COSMOS 1666
1 15889U 85058A   22053.58071218  .00003009  00000-0  13619-3 0  9996
2 15889  82.4848  94.9394 0015264 219.7585 140.2533 15.20420562  1905
GLOBALSTAR M050
1 25908U 99049B   22053.66835483 -.00000160  00000-0 -81446-3 0  9995
2 25908  51.9972 199.5075 0009787 135.7034 237.6167 12.07401923  6691
COSMOS 1733
1 16611U 86018A   22053.77184413  .00002903  00000-0  13864-3 0  9994
2 16611  82.4899 142.1782 0012715 153.0638 207.1258 15.18590577968516
FLOCK 1C 5
1 40038U 14033AE  22053.81246150  .00002989  00000-0  30197-3 0  9996
2 40038  97.9983   0.6533 0015317  60.6644 299.6102 14.91741126417403
FENGMANIU 1
1 43192U 18015A   22053.84836878  .00015770  00000-0  50764-3 0  9993
2 43192  97.5168 196.5612 0013291  77.8713  77.3469 15.32220951225865
IRIDIUM 153
1 43078U 17083J   22053.57201723  .00000048  00000-0  99897-5 0  9999
2 43078  86.3965 228.8612 0002225 108.3774 251.7664 14.34217148219447
EXPLORER 11
1 00107U 61013A   22053.36462913  .00001102  00000-0  12806-3 0  9999
2 00107  28.7906 307.3320 0544222 325.7790  30.8820 14.09575093 53048
QB50P1
1 40025U 14033R   22053.36875014  .00001454  00000-0  15695-3 0  9991
2 40025  97.9522 349.9951 0013793  77.3910 282.8849 14.89888134416621
FLOCK 3R 10
1 43740U 18096X   22053.72395517  .00024761  00000-0  67251-3 0  9997
2 43740  97.3666 137.7362 0013815  95.5112 264.7709 15.37475183180634
ACRIMSAT
1 26033U 99070B   22053.34026294  .00000181  00000-0  45059-4 0  9998
2 26033  98.1434 176.8611 0027969  10.2731 349.9036 14.62479286182310
CFOSAT
1 43662U 18083A   22053.85886692  .00001918  00000-0  10201-3 0  9991
2 43662  97.4328  78.8612 0001905 104.1741  20.1951 15.16445933183798
COSMOS 714
1 07681U 75016D   22053.57774100 -.00000016  00000-0 -18881-6 0  9995
2 07681  74.0000 250.7213 0029639 346.9639  67.5875 12.49268776142753
VESTA-1
1 43781U 18099Z   22053.45137553  .00001358  00000-0  12568-3 0  9997
2 43781  97.6306 122.4549 0012197 291.1201  68.8716 14.96104567175843
COSMOS 1014
1 10931U 78056B   22053.62208106 -.00000015  00000-0  11550-6 0  9992
2 10931  74.0239 272.7758 0032572  78.0987 342.0627 12.40461006979448
OE (NEXTSAT)
1 30774U 07006C   22053.12560632  .00012134  00000-0  22173-3 0  9990
2 30774  45.9990 290.3793 0005005 147.2624 212.8593 15.49553333835948
AEROCUBE 10B (DOUGSAT)
1 44484U 19022C   22052.33888530  .00010560  00000-0  31450-3 0  9995
2 44484  51.6395 314.4698 0008080 358.1536   1.9416 15.35218000142347
COSMOS 1694
1 16142U 85094E   22053.41877927  .00000026  00000-0  83265-4 0  9993
2 16142  82.6118 186.1325 0012289  53.3061  19.8565 12.63678592677630
BRITE TORONTO
1 40020U 14033L   22053.68891068  .00000374  00000-0  72008-4 0  9990
2 40020  97.7617 218.5976 0085751 269.5455  89.5924 14.66865543410948
OPS 1294 (DMSP 5D-2 F7)
1 14506U 83113A   22053.78097404  .00000097  00000-0  55360-4 0  9992
2 14506  98.2873 247.3261 0010784 200.6978 170.2789 14.28208792990793
SRMSAT
1 37841U 11058D   22053.53114258  .00000344  00000-0  43941-4 0  9995
2 37841  19.9706 229.5676 0011853 161.1653 235.7192 14.10726941534999
LEMUR 2 VU
1 43558U 18046E   22053.17197434  .00021565  00000-0  55855-3 0  9992
2 43558  51.6404  10.8927 0005688   9.1739 350.9348 15.38966200201757
LANDSAT 7
1 25682U 99020A   22053.58929806  .00000031  00000-0  16407-4 0  9998
2 25682  97.9963 106.1112 0001877  90.5533 269.5894 14.57212361215821
GEOS 3
1 07734U 75027A   22053.51663253 -.00000134  00000-0  20200-4 0  9992
2 07734 114.9895 277.7091 0019665 236.2303 123.6901 14.18693258425717
STARLINK-1026
1 44731U 19074U   22053.46783632 -.00001976  00000-0 -11383-3 0  9995
2 44731  53.0552 333.6278 0001599  64.0515 296.0639 15.06390727126248
COSMOS 2428
1 31792U 07029A   22053.76701088  .00000328  00000-0  20343-3 0  9997
2 31792  70.9321  60.3651 0010422 234.6569 125.3579 14.12470353755730
WNISAT 1
1 39423U 13066H   22053.66841538  .00000340  00000-0  76050-4 0  9999
2 39423  97.7704 303.4998 0175444 136.0154 225.5159 14.53346717437776
COSMOS 2438
1 32955U 08025C   22053.47942412  .00000032  00000-0  15580-3 0  9991
2 32955  82.4976 253.3883 0021561 142.8522 217.4055 12.43318578624180
JILIN-01 GAOFEN 2B
1 44836U 19086A   22053.74331719  .00001426  00000-0  93042-4 0  9991
2 44836  97.4313 115.3731 0008131  37.5154 110.4930 15.09407073121999
STARLINK-1038
1 44743U 19074AG  22053.27984479 -.00001063  00000-0 -52449-4 0  9995
2 44743  53.0561  14.4742 0001944  53.4449 306.6719 15.06389092125758
COSMOS 1344
1 13110U 82024A   22053.54840562  .00000049  00000-0  36143-4 0  9992
2 13110  82.9246 147.3357 0029593  54.5577 316.2617 13.74021632  1152
COSMOS 1434
1 13766U 83002F   22053.59511872 -.00000007  00000-0  53073-4 0  9996
2 13766  74.0241 129.2733 0022647  99.8583 328.8408 12.53785594789593
COSMOS 1056
1 11133U 78109F   22053.82935597 -.00000023  00000-0 -52062-4 0  9990
2 11133  74.0147 101.4327 0019420 139.3825 339.0425 12.44482872963601
SURCAL 159
1 02872U 67053F   22053.58850407  .00000023  00000-0  53122-4 0  9991
2 02872  69.9749 151.4303 0006531 344.0415  16.0485 13.98883261789803
STARLINK-1170
1 45073U 20006AF  22053.26878740 -.00000354  00000-0 -48794-5 0  9992
2 45073  53.0542  54.5203 0001763  56.6040 303.5117 15.06394570114205
FLOCK 2K 18
1 42887U 17042BQ  22053.52370021  .00040624  00000-0  63456-3 0  9998
2 42887  96.8282 258.8874 0007658 207.0003 153.0854 15.53663838259118
ICUBE 1
1 39432U 13066S   22053.53618546  .00001392  00000-0  14380-3 0  9991
2 39432  97.4700  63.3213 0029889 289.3312  70.4676 14.91357591447574
COSMOS 2531
1 43752U 18097B   22053.74874056 -.00000006  00000-0 -11260-3 0  9990
2 43752  82.5204 120.6509 0015676 248.7807 111.1601 12.42871816146673
COSMOS 1253
1 12323U 81022D   22053.50889084 -.00000022  00000-0 -44710-4 0  9994
2 12323  74.0283  59.6934 0018778 242.6412 233.5887 12.45807025863091
SUPERVIEW-1 03
1 43099U 18002A   22053.76754924  .00002738  00000-0  14500-3 0  9995
2 43099  97.4527 134.3427 0006984 131.7034 343.2195 15.16226746227919
IRIDIUM 129
1 42958U 17061D   22053.50619222  .00000150  00000-0  46411-4 0  9998
2 42958  86.3998 323.7293 0002179  94.6893 265.4552 14.34217856228956
STARLINK-1148
1 45052U 20006J   22053.51758277  .00002042  00000-0  15593-3 0  9992
2 45052  53.0529  73.4116 0001442  56.7355 303.3772 15.06401695113968
UPPER FREE FLYER
1 43763U 18099F   22053.55349419  .00001055  00000-0  98389-4 0  9994
2 43763  97.6350 123.9142 0011619 293.8259  66.1744 14.96255869175919
UNISAT
1 26547U 00057C   22053.52121649  .00000941  00000-0  11050-3 0  9992
2 26547  64.5498  70.1985 0014042   4.8334 355.2908 14.90988310160366
COSMOS 1327
1 12982U 81116H   22053.59245220 -.00000002  00000-0  11430-3 0  9995
2 12982  73.9831 147.7146 0077558 239.5041 228.2495 12.31618689809016
FLOCK 3P 88
1 41982U 17008AL  22053.46959924  .00019648  00000-0  56452-3 0  9993
2 41982  97.2976 126.0149 0004988 255.3550 104.7141 15.35851632278658
FLOCK 3P 70
1 41980U 17008AJ  22053.45898892  .00015215  00000-0  51148-3 0  9999
2 41980  97.2959 122.5534 0005880 276.8491  83.2081 15.30893912279321
COSMOS 1089
1 11308U 79026A   22053.78783492  .00000040  00000-0  26018-4 0  9992
2 11308  82.9723 237.3326 0023750  97.0366 274.3670 13.75205406153102
ESSA 2 (OT-2)
1 02091U 66016A   22053.59879163 -.00000031  00000-0  64304-4 0  9997
2 02091 101.2392 339.4633 0038438 212.9008 320.9691 12.69388897593706
DODECAPOLE 2
1 01510U 65065C   22053.55894276  .00002400  00000-0  17328-2 0  9996
2 01510  90.0369  16.7479 0041006 118.3382 242.1940 13.95999631812285
STARLINK-1048
1 44753U 19074AS  22053.50836295  .00000070  00000-0  23634-4 0  9993
2 44753  53.0539 333.4487 0001706  63.5763 296.5401 15.06399124126259
FLOCK 3R 11
1 43725U 18096G   22053.74803278  .00025947  00000-0  72165-3 0  9997
2 43725  97.3665 137.6788 0014958  94.1641 266.1313 15.36711699180606
COSMOS 846
1  9061U 76078A   22053.80293757  .00000054  00000-0  40054-4 0  9993
2  9061  82.9345 152.6115 0039978 261.8301 219.3440 13.76447786558764
SKYSAT C5
1 41772U 16058C   22053.75760608  .00002854  00000-0  11563-3 0  9990
2 41772  97.2814 120.4128 0001389  94.6657 265.4740 15.25452480302289
COSMOS 1190
1 11869U 80056A   22053.42527533  .00000053  00000-0  28586-4 0  9998
2 11869  74.0462  38.3360 0015009 267.9926  91.9507 14.33713452154395
ONEWEB-0083
1 45435U 20020M   22053.52471472  .00000420  00000-0  11483-2 0  9994
2 45435  87.8935 334.3571 0001639  77.0570 283.0741 13.11418576 96157
COSMOS 1638
1 15620U 85023D   22053.81550444 -.00000008  00000-0  51783-4 0  9992
2 15620  74.0584 323.5061 0015288   9.6335  46.6269 12.49179195684193
NOAA 10
1 16969U 86073A   22053.83583948  .00000052  00000-0  38154-4 0  9997
2 16969  98.5584  42.1582 0011204 291.0914 130.5392 14.28169230844733
STARLINK-1111
1 44924U 20001L   22053.53049409 -.00000097  00000-0  12405-4 0  9995
2 44924  53.0546 133.3571 0001439  67.1767 292.9374 15.06391695117350
HST
1 20580U 90037B   22053.76924900  .00001568  00000-0  83030-4 0  9991
2 20580  28.4687 208.4122 0002338 238.4686 153.4179 15.10060611549126
COSMOS 1796
1 17140U 86092C   22053.57885472 -.00000020  00000-0 -23626-4 0  9993
2 17140  74.0109 263.6833 0015927 283.3590 136.7346 12.49608032608358
COSMOS 2300
1 23442U 94086B   22053.53971411  .00000024  00000-0  75456-4 0  9992
2 23442  82.5597 232.0779 0002335 195.4680 218.0681 12.62749329251727
DMC 3-FM3
1 40717U 15032C   22053.73440649  .00000263  00000-0  39788-4 0  9999
2 40717  97.8708 304.1556 0009728 164.4586 195.6938 14.81957248356301
ONEWEB-0027
1 45432U 20020J   22053.79299337  .00000061  00000-0  12276-3 0  9991
2 45432  87.9130 319.1264 0001888  82.6872 277.4474 13.17651535 98898
FLOCK 2K 31
1 42869U 17042AW  22053.55285862  .00079584  00000-0  10278-2 0  9999
2 42869  96.8261 259.1482 0004790 232.2537 127.8287 15.58691742259142
STEX
1 25489U 98055A   22053.44368492  .00000282  00000-0  68886-4 0  9999
2 25489  84.9871 195.4940 0009135 189.3060 170.7974 14.48915817234950
COSMOS 2129
1 21104U 91009E   22053.70173630 -.00000001  00000-0  96908-4 0  9994
2 21104  74.0308 147.5405 0025598 235.8299 234.3087 12.53706223420324
FLOCK 3P 25
1 41964U 17008S   22053.18161951  .00018127  00000-0  51902-3 0  9993
2 41964  97.2894 124.5675 0005328 254.2189 105.8468 15.35974086279495
ORCA-8
1 45126U 19071R   22053.70196971  .00042512  00000-0  79140-3 0  9996
2 45126  51.6380 246.8142 0006170 106.4832 253.6834 15.48408307115747
SORTIE
1 45264U 98067RH  22053.81426802  .00037589  00000-0  40510-3 0  9999
2 45264  51.6384 156.3432 0004882 120.0524 240.0955 15.63293991114234
OPS 8180 (STP RADSAT)
1  6217U 72076B   22053.65154245  .00000214  00000-0  47973-4 0  9993
2  6217  98.5950 299.1579 0008786 277.1070  82.9133 14.66866059628361
BIRD 2
1 26959U 01049C   22053.18778476  .00007589  00000-0  18403-3 0  9993
2 26959  97.7671 137.4726 0008440  69.8243 290.3909 15.41340555435410
GONETS M 06
1 39250U 13048B   22053.48761089  .00000042  00000-0  23245-3 0  9995
2 39250  82.4809 246.3487 0019271  82.7227 277.6043 12.42956948383311
CAPELLA-1
1 43791U 18099AK  22053.48159217  .00017459  00000-0  12270-2 0  9990
2 43791  97.6829 132.4687 0009686 304.8074  55.2240 15.05131400176207
FLOCK 2K 45
1 42856U 17042AH  22053.51042923  .00063125  00000-0  95297-3 0  9999
2 42856  96.8235 258.5502 0005422 244.6038 115.4657 15.54524463259102
MICROSCOPE
1 41457U 16025B   22053.74651668  .00000367  00000-0  96927-4 0  9993
2 41457  98.2525  60.4618 0001685  67.9080 292.2296 14.54405942309359
SERVIS 2
1 36588U 10023A   22053.80500454 -.00000031  00000-0  36107-4 0  9990
2 36588 100.4302 243.2958 0016855 264.3525 106.6901 13.15914468563624
DEORBITSAIL
1 40719U 15032E   22053.56586389  .00001398  00000-0  20107-3 0  9998
2 40719  97.7990 295.6702 0016843  21.7436 338.4487 14.77836523356917
COSMOS 1088
1 11303U 79024H   22053.40810310 -.00000022  00000-0 -49230-4 0  9997
2 11303  74.0329 290.5001 0051744 159.7824  12.7609 12.40128827944152
PROMETHEUS 2-3
1 41855U 16067H   22053.82900856  .00002799  00000-0  23933-3 0  9993
2 41855  97.9764 183.0797 0009737   9.8925 350.2487 14.98447570288579
INTERCOSMOS 22
1 12645U 81075A   22053.78683963  .00000132  00000-0  56410-4 0  9997
2 12645  81.2202 327.3414 0064392  48.4805 312.1870 14.18414768 96980
FLOCK 2P 12
1 41614U 16040R   22053.66383404  .00022995  00000-0  72032-3 0  9997
2 41614  97.2502 116.1676 0009205 153.6791 206.4921 15.33053598315677
TELEOS 1
1 41169U 15077D   22053.90301508  .00003345  00000-0  15129-3 0  9995
2 41169  14.9784 296.4868 0009773 280.2393  79.6823 15.11883692342156
OV2-1
1 01641U 65082C   22053.31861280  .00000142  00000-0  26007-4 0  9990
2 01641  32.2980  42.8449 0019357 282.4846  77.3633 14.53310675987769
YAOGAN 14
1 38257U 12021A   22053.73980159  .00003866  00000-0  16526-3 0  9991
2 38257  97.5236 195.3104 0001772  88.1600  22.3651 15.23457945546078
OSCAR 11 (UoSAT 2)
1 14781U 84021B   22053.52208587  .00000486  00000-0  65172-4 0  9998
2 14781  97.6098  46.2637 0008046 350.3028   9.8030 14.83457866 23006
IRIDIUM 138
1 43071U 17083B   22053.59446845  .00000041  00000-0  75941-5 0  9997
2 43071  86.3917 260.2532 0002121  95.0286 265.1152 14.34216628218300
ONEWEB-0017
1 45132U 20008B   22053.82105219  .00000239  00000-0  64894-3 0  9993
2 45132  87.8916 349.4747 0002073  85.9715 274.1649 13.10369978102408
COSMOS 1287
1 12636U 81074A   22053.55987977 -.00000016  00000-0 -50102-5 0  9999
2 12636  74.0325 115.0911 0030899 195.5772 164.4328 12.44321253842429
COSMOS 1448
1 13949U 83023A   22053.58416333  .00000055  00000-0  41053-4 0  9994
2 13949  82.9601 160.8809 0029329 205.9746 164.8275 13.75920820953168
METEOR 2-6
1 11962U 80073A   22053.48881477  .00000174  00000-0  90133-4 0  9998
2 11962  81.2239 189.4326 0034762 281.9040  77.8234 14.10626900132540
COSMOS 2496
1 39761U 14028A   22053.85173408  .00000008  00000-0 -15248-4 0  9992
2 39761  82.4489  15.4780 0018408 273.5195  86.3790 12.42887610351888
STARLINK-1272
1 45386U 20019AC  22053.39042889 -.00000827  00000-0 -36652-4 0  9998
2 45386  53.0551 293.9933 0001487  77.8198 282.2957 15.06395314107498
COSMOS 1015
1 10932U 78056C   22053.78199576  .00000001  00000-0  12025-3 0  9999
2 10932  74.0271 181.7363 0027793 310.2361 159.1335 12.42783432983385
FLOCK 3P 54
1 42014U 17008BU  22053.43126424  .00009971  00000-0  34358-3 0  9997
2 42014  97.2933 121.9174 0004857 304.4241  55.6541 15.30202575279489
METEOR 1-13
1 06256U 72085A   22053.59025463 -.00000010  00000-0 -12620-4 0  9995
2 06256  81.2690 239.5673 0023786 306.3371  53.5603 14.08962170532966
STARLINK-1039
1 44744U 19074AH  22053.62263569 -.00000801  00000-0 -34908-4 0  9994
2 44744  53.0563  12.9390 0001566  55.9335 304.1803 15.06390053125884
RAPIS-1
1 43932U 19003A   22053.79473509  .00004255  00000-0  26843-3 0  9992
2 43932  97.1793  70.5395 0005142 110.9800 249.1980 15.09583980170873
STARLINK-1125
1 44950U 20001AN  22053.55444848 -.00000470  00000-0 -12668-4 0  9999
2 44950  53.0535 113.2452 0001433  64.3982 295.7155 15.06391438117638
CELTEE 1
1 41850U 16067C   22053.30146807  .00001845  00000-0  16196-3 0  9993
2 41850  97.9790 182.6373 0008561  11.9987 348.1437 14.97881071288516
FLOCK 3P 40
1 42010U 17008BQ  22053.68970410  .00015405  00000-0  51901-3 0  9994
2 42010  97.2910 121.9805 0005697 302.7028  57.3664 15.30821541278752
STARLINK-1130
1 44932U 20001U   22053.49363286 -.00000826  00000-0 -36562-4 0  9992
2 44932  53.0528 133.5240 0001506  61.0990 299.0150 15.06392219118589
COSMOS 878
1 09595U 76118H   22053.46295314 -.00000016  00000-0 -31348-5 0  9990
2 09595  74.0318 307.1470 0006884 348.0051 185.2795 12.48911147 61240
STARLINK-1256
1 45401U 20019AT  22053.34343002  .00000646  00000-0  62263-4 0  9996
2 45401  53.0546 284.1977 0001716  63.6607 296.4558 15.06393345107433
COSMOS 494
1  6059U 72043A   22053.57033037  .00000041  00000-0  23296-4 0  9997
2  6059  74.0538  91.2059 0011713 261.6787  98.3038 14.35648824598261
STARLINK-1288
1 45372U 20019N   22053.43281425 -.00000433  00000-0 -10144-4 0  9990
2 45372  53.0560 313.8042 0001532  65.6673 294.4476 15.06387709107221
COSMOS 1620
1 15472U 85003D   22053.57187260  .00000008  00000-0 -13962-4 0  9997
2 15472  82.6054 340.4299 0016290 101.0759  74.4889 12.65056910713262
COSMOS 2218
1 22207U 92073A   22053.59402168  .00000021  00000-0  65645-5 0  9995
2 22207  82.9199 222.2271 0033652  60.4804   7.1765 13.72895759468732
COSMOS 343
1 04390U 70036H   22053.42391015 -.00000024  00000-0 -40775-4 0  9994
2 04390  74.0283  35.5367 0060817 253.9383 274.4275 12.60419282384546
METEOR 1-24
1 08799U 76032A   22053.44227834  .00000000  00000-0 -69343-5 0  9998
2 08799  81.2588 324.1451 0034970   8.9074 351.2710 14.11519987361654
LINGQIAO VIDEO A
1 40959U 15057B   22053.77171488  .00000216  00000-0  40666-4 0  9995
2 40959  97.7700 105.8018 0017531 335.6516  24.3850 14.73446778343146
AIST 2
1 39133U 13015D   22053.87933520  .00000912  00000-0  75016-4 0  9993
2 39133  64.8732 271.7640 0020919 316.9062 161.6871 15.05556660485866
